# 4x4 depth=4 simple minimax, 2,4
# AVG tile: 63.2
# AVG square points: 198.8
# AVG time: 44.2
[(144, 64, 32, 35.52),
 (200, 90, 64, 45.55),
 (222, 96, 64, 46.86),
 (332, 142, 128, 48.95),
 (158, 71, 32, 40.44),
 (128, 58, 32, 42.85),
 (172, 77, 64, 35.71),
 (240, 109, 64, 51.09),
 (220, 96, 64, 42.63),
 (160, 68, 32, 37.41),
 (114, 51, 32, 40.89),
 (304, 136, 128, 56.18),
 (118, 53, 32, 44.49),
 (108, 47, 16, 31.49),
 (270, 125, 128, 52.67),
 (182, 83, 64, 48.75),
 (212, 93, 64, 43.86),
 (204, 91, 32, 40.04),
 (244, 113, 128, 60.01),
 (244, 112, 64, 39.42)]


# 3x3 depth=5 simple minimax, 2,4
# AVG tile: 27.8
# AVG square points: 79.5
# AVG time: 17.25
[(94, 44, 32, 25.14),
 (74, 31, 32, 18.54),
 (132, 60, 64, 20.74),
 (48, 18, 16, 11.69),
 (78, 33, 32, 14.54),
 (84, 37, 32, 18.26),
 (48, 20, 16, 16.27),
 (50, 20, 16, 14.66),
 (96, 44, 32, 20.39),
 (62, 23, 16, 12.74),
 (54, 21, 16, 12.49),
 (28, 10, 4, 11.55),
 (108, 48, 32, 14.83),
 (80, 36, 32, 14.5),
 (166, 72, 64, 23.93),
 (92, 42, 32, 23.25),
 (110, 48, 32, 19.4),
 (78, 36, 32, 20.08),
 (44, 17, 8, 13.85),
 (64, 26, 16, 18.29)]


# 3x3 depth=4 simple minimax, 2,4
# AVG tile: 31.25
# AVG square points: 72.2 
# AVG time: 3
[(102, 45, 32, 3.94),
 (26, 10, 4, 2.07),
 (76, 32, 32, 2.65),
 (62, 28, 16, 2.82),
 (66, 27, 16, 3.07),
 (64, 27, 16, 3.78),
 (96, 42, 32, 3.2),
 (88, 39, 32, 3.17),
 (80, 37, 32, 3.69),
 (140, 61, 64, 3.69),
 (30, 11, 8, 2.27),
 (86, 36, 32, 2.84),
 (98, 42, 32, 3.44),
 (26, 10, 4, 2.12),
 (70, 32, 16, 2.98),
 (82, 36, 32, 3.48),
 (84, 38, 32, 3.67),
 (90, 40, 32, 3.2),
 (40, 17, 8, 2.61),
 (38, 15, 8, 2.32)]

